-5.080780730535802148e-01,-8.741720350348364255e-01
8.936462787656226370e-01,3.491725023419848251e-01
-3.768633462821146529e-01,-9.065976678093488061e-01
1.205597146177007639e-01,8.864236551123976238e-01
1.162155081830448244e-01,-1.524230478333015171e-01
1.019391625532185125e-01,1.029915531108473115e+00
-8.948860338134826398e-01,-1.550991899596241286e-01
4.413874911083359720e-04,-2.604823362215278326e-01
4.440526181784307247e-01,-9.587662440133342123e-01
-2.765651678027002958e-01,9.851899371360780533e-01
-1.026522790993327439e+00,5.284666191854835854e-02
2.412881994350896120e-01,-8.436231060725955799e-02
2.940851535270059269e-01,9.159360693533730169e-02
-1.793508099812729517e-01,2.684830393150584582e-01
-2.193345306969297082e-01,-2.466008709534088794e-01
9.667230384084073425e-01,1.369235044567930770e-01
-4.717132089944153783e-01,-9.587543156656557208e-01
9.556926102240714815e-01,-1.991409911704373759e-01
-1.004192135487553594e+00,-1.165541242256094845e-01
7.123353576783746435e-03,2.692026851026141365e-01
-8.516722087770401961e-01,-6.067970792771794075e-01
-2.361894846205366549e-01,-2.455465159725719604e-01
-2.778664171290629037e-01,8.843673832080400921e-02
-6.304954179321418939e-02,2.485967256071335840e-01
9.279850923834007670e-01,-1.774192914790937992e-01
2.611194682223151320e-01,-1.040231297259636839e-01
-3.050235749308729538e-01,1.340377057935335514e-01
9.632428685447331773e-01,5.469812253002274138e-01
-1.321338821263113306e-01,3.103351278008236735e-01
-5.903421648702921604e-02,-2.724273527545059137e-01
-2.464288581972484682e-01,8.433928312423831508e-02
9.925568286775375837e-01,2.120176550705527851e-01
3.341977556270623317e-01,6.314105822708099280e-02
1.812738138548503630e-01,-1.468452843431467536e-01
3.248270102077210342e-01,-3.521321142183550523e-03
2.100187940482551308e-01,6.896852420888721635e-02
-8.586090899264057219e-01,-3.862871712567275129e-01
7.324815104821504885e-01,6.070302877897374438e-01
-8.618123407312413553e-01,5.612086108817169183e-01
-3.038819795720656414e-01,-9.624080474591268919e-01
4.549474832371380728e-01,8.187611428307373096e-01
1.271586723824261744e-01,2.707249978203446483e-01
-2.537867883259037338e-01,-1.323458001463156397e-01
-8.079945498154131878e-01,-4.024658305404592018e-01
-9.271045133735158483e-01,-3.133415613422963486e-01
-9.744585639450573655e-01,4.923245313622231500e-01
3.052143578132139878e-01,-3.913029393997175670e-02
-4.295536147919391534e-01,9.388859285255066744e-01
2.681133722601493630e-01,-1.376959778507005072e-01
1.141173886854352365e-01,-9.253556570129832792e-01
-6.780921645476258863e-01,6.762610541384752594e-01
2.464827807694159878e-01,-1.486508819116271196e-01
-1.453063055059220510e-01,9.368434720341427546e-01
7.587762103323757445e-01,-6.619318647504521813e-01
-1.851938484869819213e-01,2.562040194290854389e-01
9.173338598080807982e-01,-1.371804871281785687e-01
-1.558523593879215796e-03,-3.274305588587125282e-01
2.004772664065952170e-01,2.666711404612606140e-01
-2.474714178126263819e-01,-1.952966853001266434e-01
1.072733015009437185e+00,-5.013038217965877508e-02
6.103962876621824574e-01,-8.476810120593459841e-01
6.230782404394837742e-03,3.281048187150230055e-01
-1.835314552055191117e-01,-1.490869824021965606e-01
-6.522314897584036153e-02,-3.113492330806361674e-01
6.665677034202885376e-02,-2.659244611228528399e-01
6.510347423264037370e-02,-2.744166120234186601e-01
-1.585320030795963342e-01,-1.258718038383359883e-01
7.412891486049953682e-02,1.022394890832871939e+00
1.418590014108185027e-01,-2.491133334183339432e-01
-2.068375801073372433e-01,2.050775497120028712e-01
-3.393781570603771613e-01,-1.706818222778502814e-02
-2.701610513072750241e-01,-4.774816910511768542e-02
-3.797517422972107592e-02,-9.653056477201340524e-01
-4.769681073583263708e-02,3.225147875624904126e-01
2.968472614599257375e-01,1.195012266469118595e-01
3.555816558171887021e-01,-7.353804485978153449e-02
-6.313656565397687825e-05,3.552523423963849791e-01
9.486692897402109192e-01,-5.299989035489907074e-01
-1.393016648802208879e-01,2.896789730263298890e-01
-1.239657790368193929e-01,3.119487075286738187e-01
-2.926757499583317879e-01,1.198841979533420699e-01
8.232076962366975392e-01,-6.199020073270772313e-01
3.265977512936246163e-01,-8.674694442784851578e-01
1.901143703196792739e-02,2.412871779145485673e-01
-7.754939226454227175e-01,7.490877790234919953e-01
-2.912790620014055198e-02,-9.973945173294697097e-01
1.947899168556463945e-01,-1.212949598665710865e-01
3.032302008788062553e-01,8.672380597698087223e-02
1.835660921069781626e-01,1.349938829416739150e-01
-1.770425722767161869e-01,-9.341608494057017653e-01
-1.678586969295599862e-01,-2.681961936491855103e-01
3.092161034198127045e-01,1.167904628842250658e-02
2.361879546910662653e-01,2.134694892382545672e-01
-2.330588314978356002e-01,1.776602047915212534e-01
-2.769452842561876960e-01,9.745082613526145909e-01
6.509702929749947575e-01,-8.415970959688552355e-01
-9.949497017506854224e-01,-4.960748984842671683e-01
4.068182321502883947e-01,-9.761996579523741779e-01
2.874113363162242307e-01,-2.349847989064680343e-01
2.652363718062823450e-01,9.620100033330437617e-01
1.271664960600396577e-01,2.781962514144802334e-01
-8.347058368441883092e-01,-3.685838917577711760e-01
-1.750644835488461559e-01,2.749302427828115292e-01
-2.197639022844625201e-01,2.964630241852830861e-01
1.167974272943604966e-02,-3.867068840561208587e-01
2.563680230961065676e-02,2.513575303657428761e-01
-5.128401208569858261e-01,9.169701367815029647e-01
-9.460547781319547656e-02,-2.657398516971659075e-01
-5.852283034084445612e-01,7.686670712081339341e-01
1.834021865103813431e-01,2.659911570930028613e-01
7.819926064410339661e-01,-6.023098932569483921e-01
-1.121670385476601917e-01,-2.536353102323194997e-01
-4.065073487576640332e-01,1.348278128114507590e-01
2.331091627750971063e-01,-2.737517048878331249e-01
1.219409817887368019e-01,1.022514598799790342e+00
1.660439360680734944e-01,-2.590600658783732690e-01
2.236223496438807246e-01,-9.437286838887001261e-01
1.768300433284491491e-01,9.734183300846603881e-01
9.001803775234978877e-01,-4.247192005692066452e-01
9.106544771696324647e-02,2.572774017127922308e-01
-8.723846631834872856e-01,4.235522697699270478e-01
-2.515895879102122978e-01,2.131211358675039746e-01
1.631945051976327055e-01,1.717231093317247992e-01
-9.790149278794314791e-02,-2.330764625477687868e-01
2.560328709832915828e-01,1.619153997046299254e-01
4.041439748232193985e-01,-9.017596064827719804e-01
-5.200671744905813743e-01,7.578949545153143008e-01
4.688167246457751736e-01,9.094217180617615304e-01
4.072805489226312414e-02,-1.023988078453595296e+00
-5.546139730154114877e-02,-2.855550779704656428e-01
-2.902450402917289840e-01,9.892933299004491587e-01
3.250546950338908392e-01,2.194834773383111393e-02
-9.241665921689489194e-01,4.474144597710995042e-01
-7.222857327050620502e-02,-1.717651940498280960e-01
1.894671804639791179e-01,-3.178863092462733131e-01
-2.851210568117073518e-01,4.194257491986583264e-02
6.322164455830394658e-01,7.435572799798588761e-01
2.360378203032643118e-01,-1.648843480507966031e-01
3.096349741016042878e-01,-1.052516016251785702e+00
1.044374393404589596e-01,-2.750423527909660604e-01
2.047217405976889393e-01,-2.685286029652934614e-01
3.129271323692081608e-01,-2.605225275354149106e-02
7.385250451570574137e-02,-3.101577078066945492e-01
-1.902915462580713202e-01,9.157876467648254915e-01
-2.272250398118151882e-01,-2.347442170761754876e-01
-5.917019998235828471e-02,2.375681408652912663e-01
-3.069351135697385158e-01,-1.198155587692474600e-01
-5.655381272921278235e-01,8.101241701720108823e-01
2.348890929827751328e-01,2.402403654360838470e-01
-3.404450602069392096e-02,-2.584619117417763512e-01
-3.217446554036988426e-01,-1.950199178178848858e-01
-2.787076755161166375e-01,-1.465391747002280642e-01
2.678308184176132478e-01,8.336983623745680694e-02
-1.715150374120480992e-01,9.421551753956702857e-01
7.249660342446453409e-01,7.170336403470951581e-01
-3.284432552380478487e-01,-9.509697689240351193e-02
-3.362917913866619868e-01,9.693947672949165817e-01
1.590258195630389615e-01,-2.117758012267842993e-01
-1.702458199698357877e-01,2.177027436809491345e-01
9.474559553386983080e-01,-2.385416118271709573e-01
2.081615952042566720e-01,2.042990205410282201e-01
-2.508897395727384683e-01,2.195454464121742444e-01
-2.868924232775192373e-01,-4.560819176829499638e-02
-7.590903185734491077e-01,6.985835253117428367e-01
4.988363291383714204e-02,2.853516201176052869e-01
7.789906387350882255e-01,-5.567584604478262866e-01
2.764950537448126466e-01,4.983853301458448376e-03
6.730845767119087997e-01,-7.162945280941200865e-01
7.049244740624996397e-02,9.622807249471164726e-01
1.169118174717475866e-01,-3.457845311447816927e-01
8.465776390019059683e-01,-6.655186310474509037e-01
-1.713030639239328523e-01,2.826703384121251883e-01
-2.053217246143959618e-01,-1.626373244546518992e-01
-2.453401603960649047e-01,-1.873621490232356135e-01
3.697311827132184203e-01,-9.131367062040366411e-01
-1.763656217467991505e-01,3.371576125341481656e-01
3.695552148873734732e-01,9.430198605062222184e-01
-6.743454883353014462e-02,-2.554214310332849069e-01
2.173988854286600381e-01,8.041539898335033076e-02
9.366542791191106998e-02,2.327542003284098215e-01
-6.851074726700492334e-01,-5.441631731213910639e-01
-7.882987314116480793e-01,-5.481649274750166612e-01
2.451946664993522873e-01,2.796281948208264589e-01
-3.289862497379395512e-01,2.653200470716306561e-02
-4.943098796467269573e-01,7.309712506394792086e-01
5.085714733194761639e-01,8.569090622732707940e-01
-1.001917224367785186e+00,3.843407042094598713e-01
3.783293268666750031e-02,-3.282165430233072168e-01
-4.238465017009399594e-01,-9.155376600001892129e-01
-5.630598943504800946e-01,-8.360487945833074974e-01
-4.894425428163250991e-01,-9.060032105515419820e-01
6.777699902956350886e-02,-1.052878836037650645e+00
1.546118106748931020e-01,2.515880976633236288e-01
9.860798817080304035e-01,2.326130414779378208e-01
1.523043544146323036e-01,2.078794420921961927e-01
-3.037804587123224542e-01,6.874310863911729796e-02
-1.002772450615894637e-02,3.063970838703199973e-01
6.437548074752312555e-02,1.023954105820079397e+00
-3.143277733061431434e-01,-6.678385836738001680e-02
-1.812699018487483327e-01,1.025268802517342426e+00
2.147260102096433254e-01,2.524799489756925364e-01
2.395045372372976988e-01,3.744603165885341395e-02
8.928201316349465566e-01,-5.174371315448961228e-01
2.077380076279259358e-01,4.394117714870798830e-02
-2.909401246269253671e-01,9.530111530537546116e-01
2.487336962465744039e-01,1.524381618088309631e-01
-4.086653170744786179e-02,9.391556377190592997e-01
1.613655969772921361e-01,-2.673866610615692196e-01
-1.014185968017033312e+00,3.669553549992761177e-01
-2.939079217893724935e-02,2.865057986144053936e-01
-9.931711387166496374e-01,-2.196543312162670125e-01
1.036914795505137432e+00,2.833136210821034576e-02
2.903584565398921180e-01,-9.087374650075271676e-01
8.391388139398045509e-02,-3.153118914261043293e-01
2.717541022349097557e-01,-2.204259592116911970e-01
-2.596570299579955554e-01,2.173151249552160991e-01
-3.152953678000309790e-01,7.393509626515312738e-02
-1.545207979638809903e-01,-2.166508213092337987e-01
-1.083538913108450241e-01,2.878453460989479074e-01
-9.798776127855117757e-01,-1.222572528155412008e-01
5.035714960720055755e-02,-3.640097304607434192e-01
9.013299933812336517e-01,6.385869526748810809e-01
2.322724594588956304e-01,2.888948466164992790e-01
-9.389885858119871587e-02,-9.671492778925342426e-01
-1.439307506185327212e-01,-2.030803569707053391e-01
-6.221975971343593481e-03,1.023210369822004528e+00
7.367051267258789560e-01,-6.434114010335933997e-01
9.791204263205715019e-01,6.482748584237832401e-02
-6.821216824977536231e-01,-6.601009190789099979e-01
-4.269732985049509016e-02,-4.028461063462321912e-01
-9.663739827833306428e-01,2.853468949007705313e-01
4.008851101532358019e-01,9.065364840116625356e-01
-4.438477220037971849e-01,9.035595498569415351e-01
8.380644545378657106e-01,5.375897616695811676e-01
8.205610952384354562e-01,4.769411031978493254e-01
3.128342625741745708e-01,1.005966977189127060e-01
6.530607198221732856e-02,-3.227500644808695696e-01
2.341248665033101584e-01,-1.794628459264760167e-01
-7.618551193513839470e-01,-6.663992118360166916e-01
2.429550348191112652e-01,-1.846466587840602802e-01
-9.972927201790042495e-02,3.413272385203430792e-01
-1.055743526924155296e+00,-9.076619135985028453e-02
-1.108272165845669122e+00,5.839309703697075082e-02
2.887840395871352217e-01,-5.768952581035461519e-02
7.089725876057284548e-02,-3.440473901609503171e-01
5.011034445444992325e-02,2.391495260829712421e-01
-5.630716058729796636e-01,-7.523493934366952685e-01
7.966141254251103421e-01,-6.455500011293553442e-01
-1.975417947322829770e-01,-1.782669742108882183e-01
7.390161014348185509e-01,6.321926852951988973e-01
6.133648788274983499e-01,-8.299974461185746222e-01
1.291291169340528511e-01,-1.953415859335720928e-01
2.022505173498266307e-01,-9.520820378176770848e-01
-9.411228324914905352e-01,3.848081132308360797e-01
-2.358255001050311161e-01,-5.066006915363439195e-02
-2.520690578406141746e-01,1.305796317082548175e-01
8.912243769641969848e-02,2.053399785930382082e-01
-8.225095322721078794e-01,4.979734472661337397e-01
3.762284319335907345e-01,-5.945410905948796121e-02
-2.697276762070129341e-01,1.617881703905924839e-01
3.596041647235376781e-01,1.370670975190303731e-01
2.082468327509998107e-01,-2.536874920591129512e-01
-6.181586246199777257e-01,7.211498891503800301e-01
-3.942976255905258909e-02,2.680945159210127993e-01
-2.126502259523447291e-01,-9.620643975406635573e-02
-1.826719063748637462e-01,7.804109444354899450e-02
-7.700594103681318581e-01,-6.067968353672180681e-01
4.445991432249580821e-01,-9.805394121466599611e-01
7.271148526725524919e-01,-7.295972198172960832e-01
-1.160604205640418385e-01,2.722907363421896987e-01
-8.955468836797491061e-01,3.092483622147262357e-01
-6.794556345752599258e-01,7.837129954881857374e-01
-2.678365287338807521e-01,3.169238986092326460e-01
-2.538557836770821696e-01,-2.722546372732251307e-01
5.031073563950583943e-02,9.885855185617526963e-01
3.415696529985596253e-01,7.766905212611316389e-02
8.208192812939325567e-01,-5.417099998161897245e-01
-9.153810485408988562e-01,-3.158917427473946216e-01
2.460361147870063492e-01,-1.347097457767639783e-01
2.841028757768441215e-01,-9.699654597252566068e-01
-3.119774219813237215e-01,-1.312402338660037526e-01
-6.290082761395130451e-01,7.349922637203112341e-01
-9.063122078509151525e-01,-3.643027242292497525e-01
-9.550049590223511076e-02,-2.978877425948717184e-01
8.650073447753342526e-02,-2.811858733000420218e-01
-4.114649997514822632e-01,9.524537952516110018e-01
6.616293413547604807e-01,-6.965087043393852761e-01
-1.822887081350580141e-01,1.388511224623353857e-01
2.448910933601663176e-01,-1.181154909794477903e-01
2.610880390755982439e-01,7.729097908239307424e-02
3.323787148577277417e-01,-9.159419039895578818e-01
-2.593696134098082418e-01,9.233806516425395738e-01
9.392767352649188384e-01,8.994426348434843288e-02
-1.863557723779982744e-01,-2.631911478666853488e-01
-3.194588272689665720e-01,9.925171169908119095e-01
6.158155723912135393e-01,-7.857311601166147019e-01
2.765470791290212255e-02,3.039533068369902336e-01
-3.286947630802525833e-01,-9.326020255340238263e-01
4.564669855323191250e-01,-9.509922711854249533e-01
3.258781808091480436e-01,1.652378726091910111e-01
-9.002569747590308813e-01,-5.503833102153170564e-01
-8.942546198409384584e-01,-4.657373937726764779e-01
1.083920163451266433e-01,-9.886035791483319679e-01
7.844369975627675240e-01,-7.581378730548289369e-01
1.912831480835229525e-01,9.256272952807834686e-01
-7.499677202138763654e-01,-6.037534737374063987e-01
-3.347328690537165752e-01,5.668582635458757624e-02
-1.702953471737122526e-01,-2.965213702235349191e-01
-8.411795477625856332e-01,-5.485224856416619499e-01
2.621379257925130490e-01,4.318641311491017848e-02
7.353251363196260104e-02,2.341528889343904019e-01
1.906783427251988461e-01,2.159642011630542591e-01
1.129385089188240932e-01,-9.998920507455211215e-01
-1.949768422882960095e-01,2.507071773818863591e-01
9.714026159170041641e-01,2.489460374063128256e-01
2.560808733454053021e-01,-2.354478645133321058e-01
-1.354915622586332913e-01,-3.263989550095199865e-01
-2.027458563918679291e-01,-1.034381258883140475e+00
-2.079720933441761288e-01,1.447914103025732535e-01
1.044192606229193743e+00,-2.720034806975554220e-01
9.688977810701511206e-01,-9.935214116202489842e-02
8.516277606526949373e-02,-2.878795515745933287e-01
-9.244343616238848149e-01,-3.183355377168073375e-01
6.278795589200454330e-01,8.224976244047631502e-01
2.760904625997864237e-01,1.950618352002646966e-02
5.821776044015470886e-01,8.894207264580561434e-01
2.370058362634350213e-01,-1.154555002047003009e-02
-1.859570971916959525e-01,-1.845559222374803243e-01
3.353634686775914808e-01,-9.900704882279022512e-02
1.394173240296739391e-01,2.954495710097811423e-01
1.583790210258270714e-02,2.668400509240849150e-01
8.456764280437633063e-01,6.903078223341383435e-01
6.135707554872689151e-01,7.120109004778564232e-01
-1.694729587047348329e-01,1.914879458013168390e-01
7.514099676102555803e-01,7.244255902310311468e-01
6.481598346688541845e-01,6.758393981656481975e-01
-2.895045270983386265e-01,2.269804662521400784e-01
-1.008143054402069083e+00,2.688525005961155956e-01
5.610205883705045304e-02,2.213266979711665805e-01
2.338522182425344098e-01,-3.096927822925457097e-01
1.519926090665613960e-01,9.655053811067523251e-01
-9.455267693308456733e-01,-1.447789432801011300e-01
-2.213395844569221727e-01,-2.154356683590070431e-01
3.188809290657883544e-01,4.692206146835975478e-02
2.467781624507379701e-01,1.500433568493286240e-01
1.033103637498592464e+00,6.483754383887602168e-02
-2.865733048972081143e-01,1.242903662524886543e-01
-7.175388513134337010e-02,2.646193342496698797e-01
-4.279576584172814502e-02,-2.315957186991815520e-01
2.083973116068203735e-01,-1.921320801284104318e-01
-2.488337733215637282e-01,-1.149989007160362453e-01
-9.898487265534545720e-01,1.894946708690593562e-01
6.744789461644364881e-01,-7.987926556133696510e-01
-3.245238267690288558e-01,-3.718433688954680960e-02
-1.955598550385515000e-02,2.668792464641001061e-01
9.460321845992314405e-02,2.661267732796359642e-01
3.194222158257599420e-02,2.129716899605099134e-01
9.430688333174330751e-02,-3.548802264262369555e-01
1.038223763058248705e+00,8.762032521889903669e-02
-1.982018284922725249e-01,1.029239902677145935e+00
-7.310653037886359895e-01,-5.960845278021926763e-01
8.194572659429102957e-02,9.671990179244497332e-01
-3.311210738790425490e-01,1.156554911075939329e-01
-6.784330967751955876e-02,-3.676795078147939155e-01
4.081537358042353625e-01,8.149666310027315896e-01
-2.374281255402125451e-02,3.376421120230244655e-01
-2.196075567827181496e-01,2.599779261819243348e-01
2.292309976671657867e-01,3.120522593692809377e-01
-2.103930697620534640e-01,9.560356074866271925e-02
1.660879724582364492e-01,-2.101236819929394872e-01
9.702615705766272081e-01,4.262636242105002221e-02
-6.069261710810383015e-01,-7.618020943210945806e-01
-9.471191018293798058e-02,9.896188471044514712e-01
-3.756263639577898661e-01,-9.284787360414684665e-01
5.322256468402343510e-02,-2.716110626503003833e-01
-9.160235910955539795e-01,2.947385885282058915e-01
-1.021031170698332380e+00,-1.420337947117125132e-01
7.063079146605205638e-01,-7.906548328585790708e-01
-1.556671827791390461e-01,1.506968236822860685e-01
-9.651971377029455734e-01,-1.312211998716325545e-01
4.041557161179211710e-01,8.151686279943237690e-01
-2.321305779132768476e-01,2.509926905792376761e-01
3.207892326832248453e-01,-1.838652399938634635e-02
-1.990198639960451266e-01,2.604244129743059633e-01
-2.208344684848790040e-01,-1.441575934929510139e-01
-8.288971335105047578e-01,6.743437381233574612e-01
8.946547445198951287e-01,-4.791517202129118580e-01
8.995705970511468363e-01,-5.209755728215914594e-01
-3.030902411408757935e-01,-1.006706297985442422e+00
9.600927020350558116e-01,3.242059522604071597e-01
-6.793714874290527339e-01,-7.374025697184872774e-01
-7.831813396090288037e-01,-6.144225842746169342e-01
-1.196548421338452239e-01,-1.075503778837889168e+00
-5.887670409527341331e-01,6.775201217102126972e-01
-2.992281234083730701e-01,-3.654313187028324778e-02
8.592268931036227686e-01,5.318991487949856767e-01
-1.544569112813184986e-01,-2.367121755790080051e-01
7.597716985436330228e-01,6.883205572858887011e-01
8.760180861275876363e-02,-1.012147287219152814e+00
3.915844221819039794e-02,-2.718102727687032871e-01
9.296002566260037625e-01,3.489629431079586119e-01
-2.745947896807646726e-01,2.080814562541620505e-01
-1.083658033460244280e-01,-2.518032544676029327e-01
-9.186115762141169316e-01,-3.372938002341955288e-01
8.805050188690644042e-01,8.717238181027894828e-02
2.618741411537560126e-01,9.328929422349047096e-01
6.685440563055938812e-01,-6.513565498067155346e-01
1.333094808510943696e-01,2.091669072756591197e-01
2.197458305291818681e-01,-1.642077462011971023e-01
-2.270905685777171445e-01,-1.588522426288789535e-01
8.420197797118979255e-02,-2.768287051692532308e-01
-4.465059586621610704e-02,3.942766333465194117e-01
-1.008682819066921255e+00,3.597758749228384678e-01
-8.689909056431434076e-01,5.709600392646002609e-01
-3.337844833601748551e-01,6.731977625814372646e-03
-3.849894827742184056e-01,-9.463185884100641099e-01
9.452860656543300433e-01,3.971492148910448772e-01
-7.728803303311529982e-01,6.059370135397228463e-01
1.190610198451841212e-01,2.703288752369363834e-01
-2.775413235729212169e-01,-9.488093712945006031e-02
-2.236142985651510817e-01,1.538844533667985959e-01
-3.094033611455825339e-01,-9.321493350341039097e-01
9.699439724860738909e-01,-3.668266210229289004e-01
-1.893801332808855986e-01,-2.274918162103651831e-01
-2.896510278071835476e-01,2.244844087762652984e-01
-8.795509968035339909e-01,5.664019627564262915e-01
-9.864619255424181832e-01,2.955938915682824186e-01
8.857061325836271815e-01,4.042311588221755847e-01
-2.019243690055486443e-02,-3.368098570197463615e-01
9.663009310018316755e-01,-3.747659552473199263e-01
2.442149040617235256e-01,-1.474254937297195811e-01
-7.587871877604860371e-01,6.117891624484297353e-01
2.638425719097741706e-01,-1.105527279368074683e-01
2.755100395456309137e-01,4.319066737482580437e-02
-7.817470748663392088e-01,6.598210163475694001e-01
-2.111793705557182821e-03,-2.852255960160622883e-01
-2.355724107793287225e-01,-2.463669414627543408e-01
6.368206039989486866e-01,7.777467424046857758e-01
6.359158018359535591e-02,-2.279789165733906442e-01
2.592297675252279721e-01,8.929431787079836758e-01
4.790567785265030243e-01,9.445176723952036779e-01
2.458162120939846595e-01,-3.057161835369928693e-01
-7.469921607479261816e-01,6.870800859053701748e-01
-3.377765206871871095e-01,2.580077644582703944e-02
2.520103622507031682e-01,-1.434809723294696582e-01
-7.176273728408666397e-01,7.508039387562074340e-01
9.616093167341466241e-01,-2.735646724615254932e-01
-6.189034273723004881e-02,-2.239523657478682817e-01
4.010684707012265315e-01,-8.806463266510821120e-01
-1.849178043984335273e-01,-1.264126625679719285e-01
-6.401958151101156957e-01,-8.239498596321945811e-01
-2.847983481015378682e-01,1.954677845324698515e-01
-7.472992755254186381e-01,-7.043044177106342341e-01
-3.544609331596538238e-01,-5.156203473823150335e-02
-9.825931537819602157e-01,1.652323474847651463e-01
-2.339582519325699439e-01,1.924967045219058703e-01
-1.035001618866967510e+00,-2.061262055667228699e-01
-1.512946767424055983e-01,1.065158392233538143e+00
4.134907775473510849e-01,-8.180660710071320230e-01
-2.474944711749769433e-01,4.600125076935950019e-02
9.883066826284122586e-01,3.785216908388228663e-01
6.916417552922367040e-01,-7.056029098276646039e-01
3.171802481008912378e-01,-6.221261779525849578e-02
3.927687431849948840e-01,-8.382684151916314219e-01
-5.612217410411652896e-01,-8.571623685075536736e-01
9.544917580868972351e-01,-1.673747063465418072e-02
4.395044970957069641e-02,-2.878905589519056840e-01
-6.534582329086522368e-01,7.654905424359105259e-01
9.432794385639924062e-02,1.008746647005740682e+00
-3.374015344829838781e-01,-1.124380248899556484e-01
3.092107951748520045e-01,-1.716001773809161524e-01
-4.552369062897951291e-03,1.008683096921706879e+00
1.635715923110474812e-01,2.851238770229134190e-01
-2.268782407685872304e-01,-9.107238185459997082e-01
3.863897621982272934e-01,9.870590206787882570e-01
-8.844007708957867253e-01,-3.883405538126062928e-01
-5.658091297996052926e-01,-8.112979358901440952e-01
6.307845321723911658e-01,-9.031002158127883206e-01
-8.668754753486214160e-01,5.393265935339113248e-01
-4.560703548742987556e-01,9.208431549296373086e-01
-2.092642186090730161e-01,1.219583059763576782e-01
6.894533053831927161e-01,7.960750267052446594e-01
-2.032194053130854106e-01,-8.859827392159834725e-01
-2.765497209757658559e-01,1.277597934365917454e-01
9.633716498709276044e-01,-2.289926429229130200e-01
1.266070200784695787e-01,9.611999588951545270e-01
1.421830148942376248e-01,-1.954607494063423101e-01
-3.621727328916988231e-01,-1.098474749107679338e-02
9.300596165880384847e-01,-3.647392823504712611e-01
1.377529739831871436e-01,2.843449167212697692e-01
7.450862706728027529e-01,6.189018977076529149e-01
7.477541762572162964e-01,-6.296903361359623696e-01
-1.049129044204314964e-01,-2.960462322312515382e-01
3.189323477368855020e-01,-1.302319743472112878e-01
-1.051476988998278628e-01,-1.017077709068762825e+00
1.112330916115230744e-01,-2.883073257323944816e-01
9.264930018443475745e-01,1.965272147638009725e-01
-1.645952147649483999e-01,1.758034911417175328e-01
2.890116517148652031e-01,1.150563962761513154e-02
-2.221074929699544120e-01,-2.633899593088518953e-01
-9.216450250324443871e-01,-8.068638779429483654e-02
-9.558663311252386940e-03,2.499768826917178610e-01
8.740702331495107114e-01,4.349674873513455498e-01
1.090235305142756017e-01,-3.247818692428873777e-01
-8.565997762208680255e-01,6.066865259671651023e-01
1.637337856983107909e-01,2.189101973756028829e-01
-4.332640756061398313e-01,-8.377666890506131336e-01
8.443560440856359151e-01,4.512967180221012509e-01
7.803612670777880511e-02,-2.965198636016902478e-01
-2.252904915956319420e-01,1.015792401760032604e+00
2.340982641949146126e-01,-1.121229323231008657e+00
-5.598304685508519452e-01,7.913324438382121073e-01
2.707475470634931880e-01,1.515446807201990820e-01
2.244900714095978411e-01,-1.887131474310228263e-01
8.848675519938383749e-01,4.286081998616940725e-01
-7.967565132311907328e-03,2.821538269832923329e-01
-9.065674348620202938e-01,-3.911628344618602870e-01
-6.226726290634196914e-01,-6.580460963770332627e-01
-3.703691156165607179e-01,-1.915445227369494963e-01
2.151539214424574575e-01,2.013374096838822791e-01
-8.616948569750455533e-01,5.556609311010591856e-01
2.305970346502097534e-01,-2.884826003206447664e-01
5.579665139288799702e-01,8.143838977775701427e-01
-1.023612828953431204e-02,3.476972042115587525e-01
7.416180765521973584e-01,-7.101204954271047587e-01
-9.838906982189884465e-01,5.200354220203681765e-02
-7.808650360250812827e-01,-5.188900709427103353e-01
1.010726045522767486e-02,-2.149781866988808021e-01
3.302500681094656665e-01,-9.235457847340396154e-02
-1.988716755398659275e-01,1.115953017887448551e-02
4.400184040908351052e-02,-2.478648133466326009e-01
-3.945034308032157044e-01,-9.880475359751409448e-01
-1.851818270688992962e-01,-1.912883961905261498e-01
4.390082731721423048e-04,-9.980809932764508341e-01
2.725204773438771877e-01,9.203242984900247281e-01
2.634932506008510478e-01,2.194760083852640431e-01
9.458563781887546762e-01,3.656000201760721269e-01
-6.108961957781888774e-02,-2.649165782906792166e-01
8.952756252366487200e-01,4.609118636084102438e-01
-2.687794868678485827e-01,-2.616208014345497990e-01
-6.628820431553301695e-01,-8.523016405899314085e-01
8.447050095812823622e-01,5.823426354033345298e-01
-8.968404939355791861e-01,1.842515248767179203e-01
8.971448964214217003e-01,4.032099765633344601e-01
-2.558784804838695193e-01,-1.799131365526965981e-02
4.662111164654553219e-02,-9.711327476581599338e-01
-4.446225639362417215e-01,-9.157170891985751959e-01
-3.434383124957804956e-01,9.640620072447769751e-01
-1.458925481869216556e-01,9.483166935402717046e-01
-6.122157029262887962e-01,9.142737802448542839e-01
5.683287319425699841e-02,-2.717767600765583214e-01
-2.147398728269857837e-01,2.292398515766494449e-01
1.028437502176891560e-01,-2.596508689868947672e-01
2.392823123129252938e-01,2.577097618425814862e-01
4.908773331161954134e-01,-8.838237064373963836e-01
1.454599735271363270e-01,3.199568163214057681e-01
9.554117753783971656e-01,-2.234968808548719321e-01
-3.261545115137720607e-01,1.195490185492164570e-01
-8.828050233906789002e-01,-4.286512857989516201e-01
9.634637140519516363e-01,-3.429488594100235099e-01
9.673771769334559290e-01,-4.589782763752702222e-01
-2.171905179380576034e-01,4.237303131423274943e-02
4.920459069820518616e-01,9.191632688708626375e-01
2.188512323387542535e-01,4.003649310194753314e-02
-1.367852965859308600e-01,-2.409437455213430945e-01
6.838753226292074161e-02,-1.766180118207701932e-01
3.708531030798640771e-01,1.392534539103955187e-02
2.189530402042729265e-02,1.047809396075174426e+00
5.635831894508672724e-01,8.079577609955217454e-01
5.196997078740955844e-01,-1.010908432590437611e+00
-1.255164514799956554e-01,2.054904497376152106e-01
-1.415252312753136621e-01,3.237597438444819176e-01
2.305633094078706480e-01,1.423958114450734891e-01
8.550532731081739168e-01,-3.257712049254846698e-01
-1.732944975072550076e-01,2.193477554787758854e-01
-3.713363230090310774e-01,9.628749748594697122e-01
1.468379140517780401e-01,3.116664261818890003e-01
-9.076704171222946815e-01,-5.525736645493536381e-01
1.360715185678265660e-01,-3.904411423846412821e-01
9.853650055134876018e-01,-4.418988264491712226e-01
-2.780544401513831976e-01,9.584739502542092282e-01
1.557388416913066953e-01,3.240391541875777270e-01
-1.930891679674714423e-01,-3.052520439172768524e-02
3.203012598158472279e-01,9.581908166783236203e-01
2.008774812280152422e-01,1.601808314971663871e-01
-1.711388973695953386e-01,9.151915105160203234e-01
6.401731863102158027e-01,7.234317716333831250e-01
3.906980752869410045e-01,-9.228061978234903817e-01
2.731365133928566613e-01,1.916520453723098150e-01
-2.691034131802418905e-01,-1.674360699581635414e-01
2.079973247013638671e-01,-7.643272583920117380e-02
1.749860279997773882e-01,2.482160037017388521e-01
-1.043498292434021368e-01,-2.689077836458304560e-01
-3.481314196038016173e-01,-8.811371797504446990e-02
8.521577402817946956e-01,-5.583567451272243298e-01
6.986643833060321995e-01,8.514748562005728383e-01
-2.107230807807176642e-01,-8.721837974056934062e-01
8.167165867925577638e-01,-5.418827554105428712e-01
-7.084755882019323769e-03,-3.311091896932246148e-01
3.592411424256225505e-02,-9.855145742265566389e-01
-9.772211556697827373e-01,-5.361789032698235369e-01
-1.763551445837994169e-01,-1.034172464793022828e+00
-3.158129322832568531e-01,-1.051116470988527452e+00
1.034897816140954108e+00,-7.037341455530683743e-02
2.199039545923195393e-02,-9.520396957258504544e-01
-3.034413903446765981e-01,-3.570410956418331588e-02
9.872699975434024999e-01,4.301461633909497428e-01
4.416302514085989062e-01,-7.901020722474038083e-01
2.544172901333344727e-01,-9.153762376755206764e-01
-9.417006855368663665e-01,1.910629906527917810e-01
9.313845366556763317e-01,3.102430763044753959e-01
-3.785543168523044510e-01,-9.113873938519869711e-01
2.380506484099578490e-01,-1.111527879428481774e-01
7.062097374694646656e-02,-3.167564420123395452e-01
9.797722583815030029e-02,-3.059828991228323858e-01
4.060249349573556987e-01,9.657000896434989601e-01
9.568288295291960122e-02,2.406051012826498359e-01
9.396617787346390749e-01,2.318129995431796875e-01
-4.288522722402055010e-01,-1.003933425494679677e+00
2.052630893525682620e-01,-2.252653081096084586e-01
-8.460518835637438617e-02,3.016501666094971723e-01
1.076909438746507020e+00,1.128888688324402451e-01
3.003178213004615293e-01,-1.238411299200262300e-01
-2.864688423944202755e-01,6.625598062306033154e-02
-1.804225710010384509e-01,-9.383800384047339405e-01
3.171650995825477937e-01,2.693442106928020316e-02
-1.334495178652518876e-01,-3.405106088192803027e-01
-3.297876159827180520e-01,1.395464894754629426e-01
-3.546405707167652466e-01,9.158121669778679363e-01
-9.448175730432218922e-01,-3.374832360745407267e-01
-9.887898530496965765e-01,1.976935778805515298e-01
-3.321233784884686582e-03,9.667265004894530778e-01
-2.151481996013433207e-01,-9.526453493743208822e-01
-5.235749555581914461e-01,8.005678143204969510e-01
-6.563760878448682279e-01,-7.550329138343117030e-01
-1.008638354068797982e+00,1.631566238016851633e-01
1.895697316873142801e-01,1.184132214074371942e-01
4.065112190927750446e-01,-9.879901489732428876e-01
3.203717342430515980e-01,8.588448598156356306e-03
-6.801718005492896069e-03,3.353645181646280893e-01
-1.385579942989078328e-01,2.664722735344206561e-01
-4.136054821774848289e-02,1.074061838546052972e+00
2.335762815600576081e-01,-1.705156932689152194e-01
5.071308882688278785e-02,3.159155551574384657e-01
-5.456393537303222407e-01,-6.996944890697471831e-01
-7.823163099702806766e-01,6.659631897073332585e-01
-1.226495905932782071e-01,-2.360652873541344565e-01
6.475667390529269429e-01,6.933427296780859672e-01
1.634805009632644412e-01,-2.536142608455080327e-01
-7.793691676532606138e-02,-9.569279783127947470e-01
-2.660635488287342310e-01,1.647411625548746983e-01
-1.863847576379101256e-01,2.247774084913886083e-01
2.686093189969490647e-01,-9.562799906204744183e-02
2.730627691819458858e-01,-2.024946043321259326e-01
-1.016971577542246985e+00,8.245711853388242030e-02
-2.087835426289703089e-01,1.661624114917709116e-02
9.301997129251665664e-01,3.164222422088461273e-01
1.004331435770083436e+00,-9.776682473848018196e-02
-1.018414002704040922e+00,-8.311025760893205050e-02
1.093797411943506909e-01,2.945853967413532559e-01
-2.639933306831683812e-01,-1.304772933962586312e-01
2.389310688174759167e-01,-9.779552164194024177e-01
7.707595182842971182e-01,5.451927484855770834e-01
-3.245283376911446416e-01,1.018129341132339299e-02
-2.445458381962732075e-01,2.300406655045286464e-01
1.916838763332048279e-01,-2.100752859163839692e-01
-9.283734520166605497e-01,3.316937646629689596e-01
-5.154189936731146116e-01,8.381679327691089476e-01
-1.214668035114980366e-02,-3.458875913413633763e-01
2.323631387661780068e-01,1.216538502740823757e-01
1.316440039601299017e-01,1.843924154970648099e-01
1.809203797725736917e-01,-1.086407856608749611e+00
1.001845870751341350e+00,-1.065670144584886375e-01
-7.370650728716786615e-01,6.400624389591713648e-01
-2.092188901885757568e-01,1.404646768645287092e-01
2.423506887649219399e-01,1.405245935770708388e-01
1.128750153612366885e-01,-2.795878098778649123e-01
-5.496957656782627266e-01,-8.667822380430075802e-01
-2.682487501442490374e-01,6.081747324102958902e-02
-3.867984689845646584e-02,-4.010402670624428900e-01
2.487681943292305298e-01,9.936668923481973836e-01
-9.101939586189445874e-01,-3.322232143971242113e-01
2.877352851888947960e-01,-7.330487509008447311e-02
9.420378586158379974e-01,-3.916008885128997585e-01
3.649429439115626228e-01,1.492180983894263180e-01
2.074025209020567972e-01,-2.206622520420906397e-01
-4.382828375577915159e-01,-9.054276435590958849e-01
3.005795873297192888e-01,9.275663953202861745e-02
-4.238557500950949075e-01,5.193652076848318672e-02
-9.740921674414608766e-01,-2.669390118707198889e-01
-9.126777838105695206e-01,4.012008146743547554e-01
-1.072794075791661861e+00,5.060995492497538661e-02
-2.504535224426873707e-01,-8.899271030489248890e-02
-2.713529401076448799e-01,-1.314714755108656596e-01
-8.201387413149229255e-01,-5.526987308537653076e-01
2.804059822861606349e-03,-3.272661961292962496e-01
-4.922686598325672763e-02,2.917289054135170923e-01
-6.821354658540289551e-01,-7.715676472586820989e-01
-2.058789184360967361e-01,1.116252422101520425e+00
5.876007127214182280e-01,7.406221977895834918e-01
-6.317426064760576221e-01,8.200540977719794622e-01
8.327065646617806682e-02,-9.049501300555032879e-01
-3.029965016349467355e-01,-1.321749564135502597e-01
-9.961342347591278790e-01,9.546001929247593942e-03
1.171021113956320359e-01,-8.607264036262701756e-01
1.009310885211292197e+00,-3.351418925526799542e-01
-9.713242604256747681e-01,1.693542563466517437e-01
-9.011221091823007345e-01,-4.636615413966112542e-01
-8.364111351173387776e-01,5.480862090222957672e-01
-3.963424361383610650e-01,-8.552242152140205889e-01
8.664269785245120037e-01,-9.539355573337007788e-02
-2.690094974541308304e-01,1.711228791936719451e-01
2.605970360975939926e-01,1.241659628877235660e-01
4.682370390431623286e-01,8.477770508727031640e-01
9.317124716850228028e-01,-1.865404925992261709e-01
6.826973442964291428e-01,7.086565278662541045e-01
-8.021272648533221694e-02,9.702257692597398009e-01
2.861145187190886618e-01,4.722593934408630262e-02
-9.005437642403282261e-01,4.351709129985904534e-01
3.269809944765890153e-01,3.049949496211506322e-02
-1.083436921616641874e-01,-2.522255174952185430e-01
1.009632758814540399e+00,2.694399086809196042e-01
1.696217599806835452e-01,2.136248568023804972e-01
-1.989377743776122032e-01,-1.852076093411850755e-01
-1.150815126277053568e-01,-2.341511580747349663e-01
-1.156948321544027380e-01,2.496641344284421804e-01
2.136259746464838627e-01,2.383585520767893817e-01
1.401114740266588554e-01,3.082287416876181574e-01
-6.545262821522027652e-01,-7.440822702832170510e-01
-1.006145830084638204e+00,-5.715174370301421419e-02
2.733013871778405823e-01,4.488913477293990373e-02
1.011936718326498896e+00,-1.014246529369378369e-01
8.664982793453480658e-01,7.002869387902292964e-01
-5.684938162399901795e-01,-7.914758527090960394e-01
7.081392612138110998e-01,7.792126197285689226e-01
-1.068451271776549999e-01,-2.660380197339026753e-01
-9.722580943523051467e-02,-3.446173933239634612e-01
-1.254513399483505320e-01,-2.135913358623641733e-01
-1.088319896764117500e-01,3.469544575747106618e-01
-7.255215593431161292e-01,-6.294053627602805845e-01
-9.439343435702342022e-01,2.016691748632378767e-01
7.912389332665738240e-02,-2.078060627410974193e-01
8.429512083193558825e-01,4.269895486387950689e-01
-6.264022156189931190e-01,-8.889927575589249287e-01
6.901321249808025637e-01,-7.973411000966968976e-01
-8.408643258592164438e-01,4.412736716329070941e-01
-2.833323261094676249e-01,1.303337810386225870e-01
1.120310047194507108e+00,-2.186706094084342467e-01
-3.356661282027258442e-01,-9.565447890420950561e-01
3.861014549280973318e-01,9.211612835118697662e-01
7.219964930918809642e-03,3.215321936128267555e-01
4.513818446748326663e-01,8.571755475355538056e-01
-2.158194703506815804e-01,-9.808900608348877226e-01
5.196275782350816552e-01,-8.247976839449550068e-01
-4.146032082890362958e-01,1.539986276927433201e-02
1.449698370879110298e-01,3.267483614425561456e-01
1.606897249263519456e-01,-1.031313984437320030e+00
2.744233269349938831e-01,5.596313721696780097e-02
9.556576312651193783e-01,-1.154289689640904809e-01
-1.023433571083025573e+00,1.600050451152289777e-01
1.038313834160593307e+00,-2.642672872381010007e-01
-2.772562469393802242e-02,9.694607907765193655e-01
-8.265011776871734606e-01,-6.234248954535350773e-01
-5.502828257743204166e-01,-9.621783129972998339e-01
-3.785018650897450931e-02,2.578294832600082076e-01
1.161587050849046537e-02,-3.790322801783953532e-01
-9.753439989534690158e-01,-1.150865132260100142e-02
-1.015097353142309922e-01,-3.106125125391335229e-01
8.761711403486442951e-01,2.408881600767709130e-01
-9.353883952350068309e-01,2.242777492584978050e-01
2.692904183118557393e-01,1.088718666982912420e-01
1.340773652171849961e-01,-2.289649215151345896e-01
6.495906690741362621e-03,-2.443857658268627497e-01
5.739881723808801239e-02,-2.009498581112243443e-01
3.538055861578852379e-02,1.002663820360743641e+00
9.410547856403614908e-01,1.329806822370637187e-01
1.697615910192253885e-01,-9.364548750214929385e-01
5.565939892416081891e-01,-9.019569982260357000e-01
2.752760126373285932e-01,9.278848827183686643e-01
2.214399598220734011e-01,-1.220610858257242248e-01
8.878584132446318833e-01,-4.765098517837059733e-01
7.140595578219498529e-01,-7.418285428698647710e-01
8.834233070705552193e-02,2.265067340462937340e-01
-6.896546959018710066e-01,-6.733335339849527701e-01
9.080309696309073197e-02,3.014950478881528451e-01
-4.755953251112798874e-02,-2.680522713202528884e-01
-1.686529629351823378e-01,1.928405158922338880e-01
-9.296529468486696146e-01,4.465757282373354342e-01
-1.004140541638550849e-01,-9.951621191260890953e-01
9.099787602263670339e-02,-2.114988960874683299e-01
4.222342304114726219e-01,9.272761198723789011e-01
3.767987049284204915e-01,9.999943494674167210e-01
-3.544439195487683603e-01,3.456464666342759506e-02
2.680607407632333850e-01,1.121988345905010481e-01
-3.156738142327389363e-01,9.564749348151372343e-01
-2.947905956142968797e-01,-1.654449118752697734e-01
3.423529969352054891e-01,7.257853615833784189e-02
7.133079426083227537e-01,6.557673411656181894e-01
-3.733678021806197678e-01,3.494466978448435013e-03
-2.504649374751635182e-01,-1.704500370179151680e-01
2.735082268505415470e-01,1.955610825382389228e-01
-9.601844496537982332e-01,3.983945534094409102e-01
7.319162748046403877e-02,2.528135899722278035e-01
-5.194609547902804270e-01,-8.942109022028131848e-01
-2.900122653493561464e-01,-1.381065482133434219e-01
1.877959812284307195e-01,1.067332346267451770e+00
3.044544673165943127e-01,2.117012810723002403e-01
-2.842835514428058152e-01,1.135152805101998508e-01
-9.203583457787486988e-02,-2.727235163591014699e-01
7.651624599625446166e-01,-6.459019061887197877e-01
-8.761416626021218956e-01,-5.076869811242330499e-01
1.040975770666537015e+00,-9.088516613072532280e-02
-1.382794929218507038e-02,3.910831369030969284e-01
-1.239421038185576779e-01,2.717590946006182007e-01
2.847766629182276188e-01,1.627912723555265950e-01
-3.447599183555579705e-01,-3.707630133116759236e-02
9.206746707723912904e-01,4.603037787372665224e-01
-6.248377862676648270e-02,-2.006981852173562175e-01
-1.843101992865708583e-01,-1.465780739264708199e-01
1.843794123955812547e-01,1.015925232475403811e-01
-2.005155428298504572e-01,3.952220269671939679e-02
1.943064135796476188e-01,2.022078831903936502e-01
-9.877357860415127144e-02,3.431081010554252186e-01
-2.001385567916678099e-01,-1.900081533514507981e-01
-2.925360881809709879e-01,9.278329328805543508e-01
-4.102018988443564829e-01,9.318061300226776478e-01
-7.995604039514947470e-01,6.627139239733121912e-01
3.332911632168015226e-01,8.192678759771819808e-01
2.756978589450042039e-01,2.158902737318970921e-01
1.941577593952495961e-01,-1.758337119050840114e-02
-4.660987728545523678e-02,-1.089105116073999735e+00
7.460524944189070862e-01,-6.790994315654527158e-01
3.506529002546806550e-01,-8.121906940822042065e-02
8.856629762010536089e-01,6.190665696491139958e-01
-6.428391908121993126e-01,-8.871734538507825008e-01
1.777561705078375270e-02,3.248946977700229444e-01
-2.719576827292702337e-01,-2.025216799992449190e-01
-9.631100772170730906e-01,-3.738553045549960485e-01
-1.686955657720980162e-01,-1.024207507942921591e+00
-2.692592464169219491e-01,-6.800530830332435217e-02
3.223361664953260930e-01,-2.636796305212397995e-02
-4.885003140444078018e-01,9.690339198795390185e-01
-3.210504383486377233e-01,1.067060851855933939e-01
-4.276802232799101766e-01,9.285429393584789803e-01
2.415042406008634790e-01,-6.743754824459111119e-02
-7.833331008779644833e-01,5.578398880191709486e-01
1.684482462029657235e-01,2.394262692243419866e-01
-8.373423633722713033e-01,2.991952889413974082e-01
6.553347121676464382e-02,3.511095691685560682e-01
2.419546602385522216e-01,6.737658196675390399e-02
-1.903134425842246125e-01,7.285689023505530215e-02
-9.403477459041325037e-01,-2.953882908024165754e-01
-2.049568406756433481e-01,-9.087057519796584160e-01
7.230767674380672583e-01,6.801206102238558371e-01
2.150882019144125246e-01,-1.080223471271080787e-01
2.771709548548315083e-01,-1.008095603798359607e-01
2.219084420641445343e-01,-2.869981560296705481e-01
3.978193492805119913e-01,-9.614407828913740239e-01
6.533365624854994280e-01,-7.619533491027524752e-01
-1.072167393652998069e+00,-2.003513129913681023e-01
-2.259325939099400271e-01,-2.270489033193809347e-01
9.761834935299568139e-01,-3.809401039714251369e-01
-1.002539231422906463e+00,-1.096013419397052074e-01
-1.267858635863956251e-01,2.494069122453539677e-01
-7.824357276853259879e-01,-6.499973919375595655e-01
-4.865041834332730075e-01,-8.267841487681923951e-01
-7.472069702291117554e-02,3.540961089910551474e-01
4.202138994702402930e-01,-7.282944465505900578e-01
2.188663029095048174e-01,-2.510466303285223688e-01
-8.994895463361356480e-01,-2.323327221139483423e-01
-9.800766099356659211e-01,1.049659002496056703e-01
7.343826383681375525e-01,-6.554134369837836260e-01
1.371549105589320305e-01,-2.569879464924686441e-01
-1.240187083106314703e-01,-2.148618453533661654e-01
2.667542901948037892e-01,9.090927395837781200e-01
-3.243577952571864986e-01,1.381674786552977360e-02
-9.626548153047110867e-01,2.686384533195785851e-01
-9.411669613790252242e-01,-5.713387473087848667e-01
-9.929931724685632233e-01,-1.705106481273121477e-01
-1.075505932092371886e+00,-9.619274019303683532e-02
6.302758331220635613e-02,3.144495755215232502e-01
4.401875782610378818e-01,8.885619317063161438e-01
-4.303886605599012427e-02,1.003858338522675586e+00
-1.143420027824726404e-01,-9.142800458647319939e-01
-2.880176674686943383e-01,1.998944176994053856e-01
1.089740557191729298e-01,-9.571988308404564272e-01
-3.094241364841969211e-01,-1.570305143415841875e-01
2.792040115767523978e-01,2.416996944029052852e-01
9.385632335789361180e-01,-4.334041232359364670e-01
-2.492006748077514600e-01,-8.198892538334159874e-02
1.776028832566539928e-01,-1.465720279439008400e-01
-9.014720413496155604e-01,-5.164812152010480606e-01
-4.547912702480479963e-01,1.026320034962226568e+00
-3.126124431248332725e-01,-3.675863674197298037e-02
-1.000364094664156489e-02,2.438292175130015171e-01
9.871023245152165115e-01,1.817501815151507383e-01
-2.846247893863058098e-01,-1.349883943970782707e-01
2.925858091068548328e-01,-1.582644708739803022e-02
-2.562699885632060415e-01,1.494504314036047832e-01
1.000008610339812254e+00,-9.473983992340465066e-02
